varsimobjid,agn_tau,agn_sfu,agn_sfg,agn_sfr,agn_sfi,agn_sfz,agn_sfy,t0_mjd,varMethodName,seed
15710853122,810.1,1.222,1.081,0.958,0.871,0.813,0.762,49350,applyAgn,153426
3210131458,205.5,0.513,0.454,0.403,0.366,0.342,0.32,49350,applyAgn,31348
4412719106,134.6,1.244,1.1,0.976,0.887,0.828,0.776,49350,applyAgn,43092
17833935874,31.44,0.531,0.47,0.417,0.379,0.354,0.332,49350,applyAgn,174159
12933100546,19.55,1.704,1.508,1.337,1.215,1.134,1.063,49350,applyAgn,126299
10314784770,280.8,0.41,0.363,0.322,0.293,0.273,0.256,49350,applyAgn,100730
9280697346,107.7,0.933,0.826,0.732,0.665,0.621,0.582,49350,applyAgn,90631
11070605314,74.47,1.146,1.014,0.899,0.817,0.762,0.715,49350,applyAgn,108111
929090562,141,0.963,0.852,0.755,0.686,0.641,0.6,49350,applyAgn,9073
22535689218,93.43,1.483,1.312,1.163,1.057,0.987,0.925,49350,applyAgn,220075
22590114818,82.31,1.929,1.707,1.514,1.376,1.284,1.204,49350,applyAgn,220606
11951806466,124.6,2.099,1.857,1.647,1.497,1.397,1.309,49350,applyAgn,116716
13588683778,157.7,0.462,0.408,0.362,0.329,0.307,0.288,49350,applyAgn,132701
386742274,13.28,1.15,1.018,0.902,0.82,0.765,0.717,49350,applyAgn,3776
3639934978,32.49,0.519,0.46,0.407,0.37,0.346,0.324,49350,applyAgn,35546
5898590210,62.36,2.29,2.026,1.797,1.633,1.524,1.428,49350,applyAgn,57603
13646058498,327.1,1.321,1.168,1.036,0.941,0.879,0.824,49350,applyAgn,133262
23499313154,12.29,1.131,1,0.887,0.806,0.752,0.705,49350,applyAgn,229485
18320116738,48.72,1.26,1.115,0.988,0.898,0.838,0.786,49350,applyAgn,178907
1252939778,65.62,1.785,1.58,1.401,1.273,1.188,1.114,49350,applyAgn,12235
22943108098,92.75,0.929,0.822,0.729,0.663,0.619,0.58,49350,applyAgn,224053
4980731906,59.07,0.976,0.863,0.765,0.696,0.649,0.609,49350,applyAgn,48639
24746638338,136.4,1.561,1.382,1.225,1.113,1.039,0.974,49350,applyAgn,241666
2906157058,92.32,1.607,1.422,1.261,1.146,1.069,1.002,49350,applyAgn,28380
5183139842,38.02,0.857,0.758,0.672,0.611,0.57,0.535,49350,applyAgn,50616
11779939330,59.77,1.094,0.968,0.858,0.78,0.728,0.682,49350,applyAgn,115038
25117278210,191.5,0.613,0.542,0.481,0.437,0.408,0.382,49350,applyAgn,245285
8036496386,300.9,1.286,1.138,1.009,0.917,0.856,0.802,49350,applyAgn,78481
9665614850,60.27,0.881,0.779,0.691,0.628,0.586,0.549,49350,applyAgn,94390
25356055554,62.2,1.141,1.01,0.895,0.814,0.76,0.712,49350,applyAgn,247617
18123004930,177.1,1.712,1.515,1.344,1.221,1.14,1.068,49350,applyAgn,176982
17054218242,36.46,1.121,0.992,0.879,0.799,0.746,0.699,49350,applyAgn,166545
11771978754,197.3,1.621,1.434,1.272,1.156,1.079,1.011,49350,applyAgn,114960
6821445634,289.4,1.217,1.077,0.955,0.868,0.81,0.759,49350,applyAgn,66615
11348018178,34.06,1.547,1.368,1.213,1.103,1.029,0.965,49350,applyAgn,110820
13401315330,245.4,1.105,0.977,0.867,0.788,0.735,0.689,49350,applyAgn,130872
17030718466,116.4,1.359,1.202,1.066,0.969,0.904,0.847,49350,applyAgn,166315
4031886338,22.31,0.866,0.767,0.68,0.618,0.577,0.54,49350,applyAgn,39373
11388401666,150.6,0.672,0.595,0.528,0.479,0.447,0.419,49350,applyAgn,111214
11921908738,40.67,2.049,1.813,1.608,1.461,1.364,1.278,49350,applyAgn,116424
24203138050,49.77,1.162,1.028,0.912,0.829,0.773,0.725,49350,applyAgn,236358
3369159682,274.5,1.48,1.31,1.161,1.055,0.985,0.923,49350,applyAgn,32901
4861649922,55.92,0.762,0.674,0.598,0.543,0.507,0.475,49350,applyAgn,47477
16859534338,124.1,1.035,0.916,0.812,0.738,0.689,0.646,49350,applyAgn,164643
26101756930,74.77,1.012,0.895,0.794,0.721,0.673,0.631,49350,applyAgn,254899
3908897794,81.03,1.362,1.205,1.069,0.971,0.907,0.85,49350,applyAgn,38172
3204638722,208.3,0.736,0.651,0.577,0.524,0.489,0.459,49350,applyAgn,31295
8129976322,103.5,0.76,0.673,0.596,0.542,0.506,0.474,49350,applyAgn,79394
11148752898,98.77,1.501,1.328,1.177,1.07,0.999,0.936,49350,applyAgn,108874
9233307650,211.9,0.644,0.57,0.505,0.459,0.429,0.402,49350,applyAgn,90169
17390117890,56.03,0.989,0.875,0.776,0.705,0.658,0.617,49350,applyAgn,169825
4564822018,47.7,1.154,1.021,0.905,0.823,0.768,0.72,49350,applyAgn,44578
16642995202,30.02,1.68,1.487,1.318,1.198,1.118,1.048,49350,applyAgn,162529
6583034882,184.5,0.555,0.491,0.435,0.395,0.369,0.346,49350,applyAgn,64287
24728256514,170.8,1.674,1.481,1.313,1.193,1.114,1.044,49350,applyAgn,241486
1737691138,236.4,1.856,1.642,1.456,1.323,1.235,1.157,49350,applyAgn,16969
13348136962,34.58,1.451,1.284,1.138,1.034,0.965,0.905,49350,applyAgn,130352
19491115010,172,0.828,0.732,0.649,0.59,0.551,0.516,49350,applyAgn,190342
22203734018,20.76,0.729,0.645,0.572,0.52,0.485,0.455,49350,applyAgn,216833
18501075970,197.9,1.484,1.313,1.165,1.058,0.988,0.926,49350,applyAgn,180674
973979650,181.9,0.703,0.622,0.552,0.501,0.468,0.439,49350,applyAgn,9511
11719489538,62.08,1.545,1.367,1.212,1.102,1.028,0.964,49350,applyAgn,114448
21686066178,153.7,1.666,1.474,1.307,1.188,1.109,1.039,49350,applyAgn,211777
1721342978,64.25,1.03,0.912,0.808,0.735,0.686,0.643,49350,applyAgn,16809
25645473794,57.73,1.243,1.1,0.975,0.886,0.827,0.775,49350,applyAgn,250444
14250999810,119.9,1.336,1.182,1.048,0.953,0.889,0.833,49350,applyAgn,139169
1889692674,37.03,0.704,0.623,0.552,0.502,0.468,0.439,49350,applyAgn,18454
3364970498,370.3,1.32,1.168,1.035,0.941,0.878,0.823,49350,applyAgn,32861
8747501570,306.8,0.984,0.87,0.772,0.701,0.655,0.614,49350,applyAgn,85424
17881392130,72,0.986,0.873,0.774,0.703,0.656,0.615,49350,applyAgn,174622
17770348546,9.271,1.449,1.282,1.137,1.033,0.964,0.904,49350,applyAgn,173538
19827389442,188.9,1.051,0.93,0.824,0.749,0.699,0.655,49350,applyAgn,193626
20626982914,74.24,1.429,1.264,1.121,1.019,0.951,0.891,49350,applyAgn,201435
4565854210,125,1.378,1.219,1.081,0.982,0.917,0.859,49350,applyAgn,44588
14132481026,58.13,1.574,1.393,1.235,1.122,1.048,0.982,49350,applyAgn,138012
1515046914,105.5,1.251,1.107,0.981,0.892,0.832,0.78,49350,applyAgn,14795
7686668290,100.5,1.096,0.969,0.86,0.781,0.729,0.683,49350,applyAgn,75065
101872642,105.5,0.708,0.626,0.555,0.505,0.471,0.441,49350,applyAgn,994
14516302850,40.38,1.97,1.743,1.546,1.405,1.311,1.229,49350,applyAgn,141760
6631630850,148.6,0.543,0.481,0.426,0.387,0.362,0.339,49350,applyAgn,64762
2494056450,105.8,0.822,0.727,0.645,0.586,0.547,0.512,49350,applyAgn,24356
24871288834,98.81,1.132,1.001,0.888,0.807,0.753,0.706,49350,applyAgn,242883
6667561986,138.5,0.714,0.632,0.56,0.509,0.475,0.445,49350,applyAgn,65112
17023237122,578.3,0.488,0.432,0.383,0.348,0.325,0.304,49350,applyAgn,166242
7159500802,37.65,1.45,1.283,1.138,1.034,0.965,0.904,49350,applyAgn,69917
5807482882,101.2,1.411,1.249,1.107,1.006,0.939,0.88,49350,applyAgn,56713
21728457730,71.15,1.889,1.672,1.482,1.347,1.257,1.178,49350,applyAgn,212191
9987353602,86.08,0.911,0.806,0.715,0.65,0.606,0.568,49350,applyAgn,97532
12702487554,93.96,1.309,1.159,1.027,0.934,0.871,0.817,49350,applyAgn,124047
7273325570,107.9,0.858,0.759,0.673,0.612,0.571,0.535,49350,applyAgn,71028
18854821890,232,0.94,0.832,0.738,0.67,0.626,0.586,49350,applyAgn,184129
4981234690,290.6,1.249,1.105,0.98,0.89,0.831,0.779,49350,applyAgn,48644
8760385538,166,0.779,0.689,0.611,0.555,0.518,0.486,49350,applyAgn,85550
22943501314,149.9,1.06,0.938,0.832,0.756,0.705,0.661,49350,applyAgn,224057
11131911170,249.7,0.891,0.788,0.699,0.635,0.593,0.555,49350,applyAgn,108710
20188360706,100.9,1.261,1.116,0.99,0.899,0.839,0.787,49350,applyAgn,197151
9967190018,236.6,1.121,0.992,0.88,0.799,0.746,0.699,49350,applyAgn,97335
16066161666,80,1.015,0.898,0.796,0.724,0.675,0.633,49350,applyAgn,156896
19582532610,47.8,0.88,0.779,0.69,0.627,0.586,0.549,49350,applyAgn,191235
17650621442,136.1,1.12,0.991,0.879,0.799,0.746,0.699,49350,applyAgn,172369
