# htmid ra dec glon glat
8208 1.471276e+00 -2.108741e+01 6.066529e+01 -7.798643e+01
8209 4.480881e+00 -1.837042e+01 7.980525e+01 -7.832913e+01
8211 1.589946e+00 -1.841937e+01 7.058721e+01 -7.645577e+01
8214 7.396021e+00 -1.560730e+01 9.805181e+01 -7.741076e+01
8222 4.552214e+00 -1.569008e+01 8.724995e+01 -7.620354e+01
8260 1.300789e+01 -3.629415e+01 3.021810e+02 -8.083323e+01
8261 9.170144e+00 -3.602777e+01 3.214388e+02 -8.056407e+01
8262 9.534219e+00 -3.884075e+01 3.154432e+02 -7.796253e+01
8263 9.819874e+00 -3.661516e+01 3.173679e+02 -8.016988e+01
8264 1.597716e+00 -3.514576e+01 3.503681e+02 -7.747807e+01
8266 5.363152e+00 -3.564541e+01 3.379565e+02 -7.935488e+01
8267 2.153222e+00 -3.574729e+01 3.468999e+02 -7.745690e+01
8268 5.967158e+00 -3.624498e+01 3.339271e+02 -7.916742e+01
8270 6.208710e+00 -3.906630e+01 3.261883e+02 -7.683590e+01
8271 5.569551e+00 -3.845909e+01 3.294237e+02 -7.712944e+01
8272 2.491556e+01 -2.528873e+01 2.059861e+02 -7.903271e+01
8273 2.154061e+01 -2.530560e+01 2.017056e+02 -8.200345e+01
8274 2.218638e+01 -2.813845e+01 2.220535e+02 -8.167761e+01
8275 2.219423e+01 -2.582319e+01 2.061589e+02 -8.154508e+01
8276 1.479782e+01 -2.512116e+01 1.642909e+02 -8.734359e+01
8277 1.525485e+01 -2.796713e+01 2.350365e+02 -8.771659e+01
8278 1.816668e+01 -2.525101e+01 1.926052e+02 -8.488166e+01
8279 1.539025e+01 -2.564685e+01 1.803372e+02 -8.729195e+01
8280 1.625714e+01 -3.365281e+01 2.795856e+02 -8.284878e+01
8281 1.930795e+01 -3.092996e+01 2.484558e+02 -8.320193e+01
8282 1.573825e+01 -3.081131e+01 2.692541e+02 -8.553866e+01
8283 1.639392e+01 -3.135998e+01 2.676978e+02 -8.476462e+01
8284 1.588126e+01 -2.850589e+01 2.409009e+02 -8.699341e+01
8285 1.936992e+01 -2.862181e+01 2.289885e+02 -8.405527e+01
8286 1.879173e+01 -2.577695e+01 1.999921e+02 -8.452029e+01
8287 1.871587e+01 -2.809070e+01 2.247877e+02 -8.472259e+01
8288 1.445765e+00 -2.389949e+01 4.781358e+01 -7.921038e+01
8289 1.478548e+00 -2.671109e+01 3.269515e+01 -7.984718e+01
8290 4.757788e+00 -2.431298e+01 5.222900e+01 -8.217913e+01
8291 1.861684e+00 -2.437814e+01 4.600585e+01 -7.972422e+01
8292 1.558338e+00 -3.233417e+01 2.259647e+00 -7.890055e+01
8293 5.010785e+00 -2.994866e+01 8.840772e+00 -8.255276e+01
8294 1.514322e+00 -2.952267e+01 1.679372e+01 -7.973511e+01
8295 1.974306e+00 -3.003107e+01 1.347863e+01 -8.001512e+01
8296 1.143698e+01 -2.492935e+01 9.244749e+01 -8.745665e+01
8297 8.089460e+00 -2.465524e+01 6.182818e+01 -8.504789e+01
8298 8.297665e+00 -2.747645e+01 2.697823e+01 -8.593169e+01
8299 8.560989e+00 -2.513923e+01 5.924002e+01 -8.565897e+01
8300 5.340779e+00 -2.762342e+01 2.696585e+01 -8.330603e+01
8301 5.203036e+00 -2.479873e+01 4.992286e+01 -8.273451e+01
8302 1.919193e+00 -2.720676e+01 2.996751e+01 -8.026947e+01
8303 4.874879e+00 -2.712888e+01 3.110404e+01 -8.289502e+01
8304 1.197747e+01 -2.545506e+01 9.743941e+01 -8.814938e+01
8305 8.835602e+00 -2.801392e+01 1.806145e+01 -8.632499e+01
8306 1.236425e+01 -2.830944e+01 3.231797e+02 -8.874008e+01
8307 1.175943e+01 -2.773959e+01 6.266643e-01 -8.884806e+01
8308 2.084780e+00 -3.289883e+01 3.585772e+02 -7.903940e+01
8309 5.753085e+00 -3.338523e+01 3.456397e+02 -8.123981e+01
8310 5.544244e+00 -3.049911e+01 3.461551e+00 -8.276057e+01
8311 5.153538e+00 -3.278822e+01 3.507674e+02 -8.125245e+01
8312 1.319178e+01 -3.401603e+01 3.006365e+02 -8.310629e+01
8313 1.276637e+01 -3.116331e+01 3.040640e+02 -8.596412e+01
8314 9.458682e+00 -3.375706e+01 3.259468e+02 -8.275312e+01
8315 1.257096e+01 -3.347923e+01 3.051062e+02 -8.364415e+01
8316 8.845621e+00 -3.318608e+01 3.317524e+02 -8.302014e+01
8317 1.215031e+01 -3.060833e+01 3.128806e+02 -8.646497e+01
8318 8.542119e+00 -3.030607e+01 3.519046e+02 -8.505770e+01
8319 9.144375e+00 -3.088735e+01 3.428829e+02 -8.503219e+01
8384 2.486918e+01 -2.280908e+01 1.939137e+02 -7.829456e+01
8385 2.434941e+01 -1.979666e+01 1.805164e+02 -7.717245e+01
8386 2.155904e+01 -2.282597e+01 1.862096e+02 -8.102068e+01
8387 2.438432e+01 -2.243354e+01 1.912698e+02 -7.853869e+01
8389 2.064326e+01 -1.676648e+01 1.593397e+02 -7.737990e+01
8392 1.494506e+01 -2.264623e+01 1.462637e+02 -8.513536e+01
8393 1.824977e+01 -2.277334e+01 1.723945e+02 -8.345569e+01
8394 1.784601e+01 -1.972834e+01 1.556887e+02 -8.130255e+01
8395 1.774874e+01 -2.235344e+01 1.669042e+02 -8.348111e+01
8396 2.060307e+01 -1.938655e+01 1.671133e+02 -7.949210e+01
8397 2.106282e+01 -2.242449e+01 1.824327e+02 -8.119468e+01
8398 2.385579e+01 -1.940329e+01 1.778155e+02 -7.729417e+01
8399 2.109970e+01 -1.979847e+01 1.705286e+02 -7.947742e+01
8416 1.836947e+00 -2.144841e+01 6.005143e+01 -7.846680e+01
8417 5.090530e+00 -2.185453e+01 6.798663e+01 -8.118379e+01
8418 4.846980e+00 -1.872530e+01 8.000321e+01 -7.882397e+01
8419 4.498971e+00 -2.129377e+01 6.857372e+01 -8.040388e+01
8420 1.164740e+01 -2.245958e+01 1.094115e+02 -8.520353e+01
8421 1.128829e+01 -1.935730e+01 1.120883e+02 -8.209640e+01
8422 8.361829e+00 -2.219060e+01 8.235062e+01 -8.359145e+01
8423 1.106243e+01 -2.194682e+01 1.050408e+02 -8.456707e+01
8425 7.762072e+00 -1.595692e+01 9.894745e+01 -7.786855e+01
8426 1.094112e+01 -1.625449e+01 1.132516e+02 -7.898174e+01
8427 1.035338e+01 -1.570904e+01 1.109045e+02 -7.834603e+01
8428 1.069829e+01 -1.882633e+01 1.090182e+02 -8.146359e+01
8429 7.474701e+00 -1.852455e+01 9.186363e+01 -8.007115e+01
8430 7.771178e+00 -2.164972e+01 8.162267e+01 -8.282633e+01
8431 8.063202e+00 -1.907568e+01 9.323776e+01 -8.082093e+01
8433 1.358310e+01 -1.596554e+01 1.265214e+02 -7.881711e+01
8435 1.375481e+01 -1.337473e+01 1.265914e+02 -7.622102e+01
8436 1.438951e+01 -2.215951e+01 1.388929e+02 -8.484051e+01
8437 1.729190e+01 -1.925104e+01 1.511864e+02 -8.113386e+01
8438 1.397548e+01 -1.906335e+01 1.304114e+02 -8.187019e+01
8439 1.457434e+01 -1.960066e+01 1.350938e+02 -8.230992e+01
8442 2.009089e+01 -1.629716e+01 1.561601e+02 -7.726258e+01
8444 1.742997e+01 -1.667505e+01 1.459078e+02 -7.872274e+01
8446 1.416111e+01 -1.649009e+01 1.296652e+02 -7.929371e+01
8447 1.683215e+01 -1.614938e+01 1.422917e+02 -7.841943e+01
9096 1.450666e+01 -3.752321e+01 2.957367e+02 -7.951283e+01
9097 1.102766e+01 -4.011400e+01 3.091359e+02 -7.692586e+01
9099 1.308893e+01 -3.987089e+01 3.021336e+02 -7.725594e+01
9120 2.637529e+01 -2.637607e+01 2.124356e+02 -7.791331e+01
9121 2.365799e+01 -2.925384e+01 2.280416e+02 -8.025204e+01
9122 2.796867e+01 -3.032904e+01 2.300846e+02 -7.638138e+01
9123 2.563311e+01 -2.868213e+01 2.237364e+02 -7.861093e+01
9124 1.774717e+01 -3.483667e+01 2.756319e+02 -8.122956e+01
9125 2.221949e+01 -3.612914e+01 2.637823e+02 -7.799110e+01
9126 2.079083e+01 -3.207799e+01 2.505127e+02 -8.151598e+01
9127 1.982159e+01 -3.438775e+01 2.651709e+02 -8.059875e+01
9132 2.433745e+01 -3.559547e+01 2.566376e+02 -7.706570e+01
9133 2.722771e+01 -3.267072e+01 2.403990e+02 -7.638301e+01
9134 2.281973e+01 -3.156900e+01 2.424045e+02 -8.025443e+01
9135 2.518090e+01 -3.325746e+01 2.458575e+02 -7.772573e+01
9140 1.661567e+01 -3.719737e+01 2.863830e+02 -7.944348e+01
9142 2.120999e+01 -3.853036e+01 2.735139e+02 -7.662643e+01
9143 1.896662e+01 -3.896187e+01 2.811566e+02 -7.711505e+01
11920 -1.445765e+00 -2.389949e+01 4.380611e+01 -7.670102e+01
11922 -1.478548e+00 -2.671109e+01 3.153184e+01 -7.721572e+01
11923 -1.861684e+00 -2.437814e+01 4.137254e+01 -7.646772e+01
11928 -1.558338e+00 -3.233417e+01 6.875010e+00 -7.645633e+01
11929 -1.514322e+00 -2.952267e+01 1.884699e+01 -7.713172e+01
11931 -1.974306e+00 -3.003107e+01 1.687400e+01 -7.666489e+01
11933 -1.919193e+00 -2.720676e+01 2.920289e+01 -7.685918e+01
